7240    -1394   
3877    -6271   
6229    -3945   
3868    -6277   
6186    -4011   
-1416   -7236   
-6223   -3954   
1405    -7238   
7257    1305    
4030    6174    
7236    -1416   
3877    -6271   
6186    -4011   
-1494   -7220   
-7240   1394    
-3954   6223    
-7253   -1327   
-3954   -6223   
-6235   -3935   
1327    -7253   
6174    -4030   
-1494   -7220   
-7240   1394    
-3877   6271    
-6229   3945    
-3868   6277    
-6229   3945    
-3935   6235    
-7238   -1405   
1394    -7240   
7240    1394    
-1394   7240    
-7257   -1305   
-4030   -6174   
-7220   1494    
1394    7240    
6271    3877    
3945    6229    
6235    3935    
-1327   7253    
-6174   4030    
1416    7236    
6271    3877    
3925    6241    
6247    3916    
7242    1383    
3887    6265    
6235    3935    
3945    6229    
7236    -1416   
-1316   -7255   
-6180   -4021   
1483    -7222   
7225    1472    
-1383   7242    
-6217   3964    
1338    7250    
6229    3945    
3945    6229    
7236    -1416   
-1316   -7255   
-6229   -3945   
-3945   -6229   
-7236   1416    
1405    7238    
7255    -1316   
4021    -6180   
7238    1405    
3964    6217    
7250    -1338   
4021    -6180   
7222    1483    
-1383   7242    
-6217   3964    
1338    7250    
6229    3945    
3945    6229    
7250    -1338   
3945    -6229   
6229    -3945   
-1427   -7234   
-7255   1316    
-4021   6180    
-7222   -1483   
1383    -7242   
6217    -3964   
-1427   -7234   
-7238   1405    
1405    7238    
7246    -1361   
7231    1438    
-1438   7231    
-7231   -1438   
1350    -7248   
6241    -3925   
3897    -6259   
6253    -3906   
3973    -6211   
7229    1449    
-1350   7248    
-6241   3925    
-3897   6259    
-6205   3983    
1461    7227    
7231    -1438   
-1361   -7246   
-6247   -3916   
-3906   -6253   
-6211   -3973   
1361    -7246   
6199    -3992   
-1372   -7244   
-6205   -3983   
1361    -7246   
6241    -3925   
3897    -6259   
6205    -3983   
-1372   -7244   
-6247   -3916   
-3906   -6253   
-6259   -3897   
-3906   -6253   
-6211   -3973   
1449    -7229   
7231    1438    
-1350   7248    
-6199   3992    
1372    7244    
6205    3983    
-1361   7246    
-6199   3992    
1461    7227    
7231    -1438   
-1438   -7231   
-7238   1405    
7231    1438    
-1350   7248    
-6199   3992    
1461    7227    
7231    -1438   
-1449   -7229   
-7246   1361    
-3983   6205    
-7246   -1361   
-3925   -6241   
-6211   -3973   
1361    -7246   
6199    -3992   
-1372   -7244   
-6205   -3983   
1361    -7246   
6241    -3925   
3897    -6259   
6253    -3906   
3897    -6259   
6205    -3983   
-1372   -7244   
-6247   -3916   
-3906   -6253   
-6211   -3973   
1449    -7229   
7248    1350    
3992    6199    
7227    -1461   
-1449   -7229   
-7246   1361    
-3916   6247    
-6205   3983    
1372    7244    
6205    3983    
-1361   7246    
-6199   3992    
1372    7244    
6247    3916    
3983    6205    
7244    -1372   
3983    -6205   
7246    1361    
3992    6199    
7231    -1438   
7231    1438    
-1438   7231    
-7248   -1350   
-3925   -6241   
-6259   -3897   
-3983   -6205   
-7244   1372    
-3916   6247    
-6205   3983    
1372    7244    
6247    3916    
3983    6205    
7227    -1461   
-1449   -7229   
-7246   1361    
-3916   6247    
-6253   3906    
-3973   6211    
-7229   -1449   
1350    -7248   
6199    -3992   
-1461   -7227   
-7229   1449    
1449    7229    
7246    -1361   
3983    -6205   
7229    1449    
-1427   7234    
-7248   -1350   
-3925   -6241   
-6259   -3897   
-3906   -6253   
-6259   -3897   
-3983   -6205   
-7244   1372    
-3983   6205    
-7246   -1361   
-3992   -6199   
-7244   1372    
-3916   6247    
-6253   3906    
-3973   6211    
-7246   -1361   
-3925   -6241   
-6247   -3916   
7231    -1438   
-1449   -7229   
-7229   1449    
1361    7246    
6247    3916    
3906    6253    
6259    3897    
3983    6205    
7244    -1372   
3983    -6205   
7246    1361    
3925    6241    
6259    3897    
3906    6253    
6211    3973    
-1449   7229    
-7248   -1350   
-3992   -6199   
-7244   1372    
-3983   6205    
-7246   -1361   
-3992   -6199   
-7244   1372    
-3983   6205    
-7229   -1449   
1427    -7234   
7231    1438    
-1438   7231    
-7248   -1350   
-3992   -6199   
-7244   1372    
-3983   6205    
-7229   -1449   
1350    -7248   
6199    -3992   
-1372   -7244   
-6247   -3916   
-3906   -6253   
-6259   -3897   
-3983   -6205   
-7227   1461    
1361    7246    
6247    3916    
3887    6265    
6223    3954    
7231    1438    
-1438   7231    
-7231   -1438   
1438    -7231   
7231    1438    
-1350   7248    
-6199   3992    
1372    7244    
6247    3916    
3983    6205    
7244    -1372   
3916    -6247   
6253    -3906   
3897    -6259   
6205    -3983   
-1461   -7227   
-7231   1438    
1361    7246    
6247    3916    
3983    6205    
7227    -1461   
-1361   -7246   
-6247   -3916   
-3983   -6205   
-7227   1461    
1361    7246    
6205    3983    
-1449   7229    
-7234   -1427   
1427    -7234   
7248    1350    
3992    6199    
7227    -1461   
-1449   -7229   
-7229   1449    
1361    7246    
6247    3916    
3983    6205    
7227    -1461   
-1449   -7229   
-7246   1361    
-3983   6205    
-7229   -1449   
1427    -7234   
7240    1394    
7231    1438    
-1350   7248    
-6241   3925    
-3897   6259    
-6253   3906    
-3973   6211    
-7246   -1361   
-3925   -6241   
-6259   -3897   
-3906   -6253   
-6259   -3897   
-3906   -6253   
-6259   -3897   
-3983   -6205   
-7244   1372    
-3916   6247    
-6205   3983    
1461    7227    
7231    -1438   
-1449   -7229   
-7246   1361    
-3916   6247    
-6253   3906    
-3897   6259    
-6205   3983    
1461    7227    
7246    -1361   
3983    -6205   
7246    1361    
3925    6241    
6259    3897    
3906    6253    
6259    3897    
3983    6205    
7227    -1461   
-1449   -7229   
-7229   1449    
1449    7229    
7229    -1449   
-1361   -7246   
-6205   -3983   
1361    -7246   
6199    -3992   
-1483   -7222   
-7231   1438    
7242    1383    
3887    6265    
6235    3935    
3945    6229    
7250    -1338   
4021    -6180   
7238    1405    
3887    6265    
6235    3935    
3945    6229    
7250    -1338   
3945    -6229   
6271    -3877   
4002    -6193   
7238    1405    
3887    6265    
6235    3935    
3945    6229    
7236    -1416   
-1316   -7255   
-6180   -4021   
1405    -7238   
6265    -3887   
3935    -6235   
6229    -3945   
-1416   -7236   
-7238   1405    
1405    7238    
7238    -1405   
-1405   -7238   
-7238   1405    
1316    7255    
6180    4021    
-1405   7238    
-6265   3887    
-3935   6235    
-6271   3877    
-4002   6193    
-7222   -1483   
1472    -7225   
7242    1383    
3964    6217    
7234    -1427   
-1316   -7255   
-6205   -3983   
7231    1438    
-1350   7248    
-6241   3925    
-3897   6259    
-6205   3983    
1372    7244    
6205    3983    
-1361   7246    
-6199   3992    
1372    7244    
6205    3983    
-1449   7229    
-7248   -1350   
-3925   -6241   
-6259   -3897   
-3983   -6205   
-7244   1372    
-3983   6205    
-7229   -1449   
1350    -7248   
6199    -3992   
-1461   -7227   
-7231   1438    
1361    7246    
6205    3983    
-1449   7229    
-7231   -1438   
1350    -7248   
6241    -3925   
3973    -6211   
7246    1361    
3992    6199    
7227    -1461   
-1361   -7246   
-6247   -3916   
-3906   -6253   
-6259   -3897   
-3983   -6205   
-7227   1461    
1438    7231    
7231    -1438   
-1361   -7246   
-6205   -3983   
1383    -7242   
6241    -3925   
7231    1438    
-1350   7248    
-6199   3992    
1461    7227    
7246    -1361   
3983    -6205   
7229    1449    
-1350   7248    
-6199   3992    
1461    7227    
7246    -1361   
3916    -6247   
6253    -3906   
3897    -6259   
6253    -3906   
3973    -6211   
7229    1449    
-1350   7248    
-6241   3925    
-3973   6211    
-7229   -1449   
1438    -7231   
7248    1350    
3925    6241    
6259    3897    
3983    6205    
7244    -1372   
3916    -6247   
6205    -3983   
-1372   -7244   
-6205   -3983   
1361    -7246   
6241    -3925   
3973    -6211   
7246    1361    
3925    6241    
6211    3973    
-1449   7229    
-7231   -1438   
1438    -7231   
7248    1350    
3992    6199    
7244    -1372   
3916    -6247   
6241    -3925   
7242    1383    
3964    6217    
7250    -1338   
3945    -6229   
6271    -3877   
3935    -6235   
6271    -3877   
3935    -6235   
6229    -3945   
-1416   -7236   
-7238   1405    
1405    7238    
7255    -1316   
3945    -6229   
6229    -3945   
-1427   -7234   
-7255   1316    
-4021   6180    
-7238   -1405   
-3964   -6217   
-7234   1427    
1316    7255    
6229    3945    
3945    6229    
7234    -1427   
-1405   -7238   
-7238   1405    
1316    7255    
6180    4021    
-1483   7222    
-7242   -1383   
-3887   -6265   
-6235   -3935   
-3877   -6271   
-6235   -3935   
-3877   -6271   
-6193   -4002   
1483    -7222   
7225    1472    
-1383   7242    
-6265   3887    
-4002   6193    
-7238   -1405   
-3887   -6265   
-6223   -3954   
7240    -1394   
3877    -6271   
6186    -4011   
-1416   -7236   
-6223   -3954   
1405    -7238   
7257    1305    
4030    6174    
7220    -1494   
-1394   -7240   
-6223   -3954   
1327    -7253   
6223    -3954   
3935    -6235   
7238    1405    
-1394   7240    
-7240   -1394   
1394    -7240   
7240    1394    
-1305   7257    
-6174   4030    
1494    7220    
7222    -1483   
-1394   -7240   
-6223   -3954   
1327    -7253   
6174    -4030   
-1416   -7236   
-6271   -3877   
-3945   -6229   
-6277   -3868   
-3945   -6229   
-6277   -3868   
-4011   -6186   
-7236   1416    
-3877   6271    
-6229   3945    
-3868   6277    
-6229   3945    
-3935   6235    
-7253   -1327   
-3954   -6223   
-6235   -3935   
1438    -7231   
7240    1394    
7242    1383    
3887    6265    
6235    3935    
3945    6229    
7236    -1416   
-1405   -7238   
-7255   1316    
-4021   6180    
-7238   -1405   
-3887   -6265   
-6235   -3935   
-3877   -6271   
-6235   -3935   
-3877   -6271   
-6235   -3935   
-3877   -6271   
-6193   -4002   
1483    -7222   
7225    1472    
-1472   7225    
-7225   -1472   
1383    -7242   
6265    -3887   
3935    -6235   
6229    -3945   
-1416   -7236   
-7238   1405    
1405    7238    
7255    -1316   
3945    -6229   
6271    -3877   
3935    -6235   
6271    -3877   
3935    -6235   
6229    -3945   
-1416   -7236   
-7255   1316    
-3945   6229    
-6229   3945    
1338    7250    
6180    4021    
-1483   7222    
-7225   -1472   
1472    -7225   
7234    1427    
7231    -1438   
-1361   -7246   
-6247   -3916   
-3983   -6205   
-7227   1461    
1449    7229    
7246    -1361   
3983    -6205   
7229    1449    
-1350   7248    
-6199   3992    
1372    7244    
6205    3983    
-1361   7246    
-6199   3992    
1461    7227    
7246    -1361   
3916    -6247   
6205    -3983   
-1461   -7227   
-7229   1449    
1361    7246    
6247    3916    
3983    6205    
7244    -1372   
3916    -6247   
6253    -3906   
3973    -6211   
7246    1361    
3925    6241    
6259    3897    
3983    6205    
7227    -1461   
-1449   -7229   
-7246   1361    
-3983   6205    
-7246   -1361   
-3992   -6199   
-7227   1461    
1449    7229    
7246    -1361   
3916    -6247   
6253    -3906   
3954    -6223   
7240    1394    
7231    -1438   
-1449   -7229   
-7229   1449    
1449    7229    
7229    -1449   
-1361   -7246   
-6247   -3916   
-3983   -6205   
-7244   1372    
-3983   6205    
-7229   -1449   
1427    -7234   
7248    1350    
3992    6199    
7227    -1461   
-1361   -7246   
-6247   -3916   
-3983   -6205   
-7227   1461    
1361    7246    
6247    3916    
3906    6253    
6259    3897    
3906    6253    
6211    3973    
-1361   7246    
-6241   3925    
-3973   6211    
-7229   -1449   
1427    -7234   
7248    1350    
3992    6199    
7244    -1372   
3983    -6205   
7229    1449    
-1350   7248    
-6241   3925    
-3973   6211    
-7229   -1449   
1350    -7248   
6241    -3925   
3973    -6211   
7246    1361    
3925    6241    
6247    3916    
7231    -1438   
-1361   -7246   
-6247   -3916   
-3983   -6205   
-7227   1461    
1361    7246    
6247    3916    
3983    6205    
7227    -1461   
-1361   -7246   
-6205   -3983   
1361    -7246   
6241    -3925   
3897    -6259   
6205    -3983   
-1372   -7244   
-6205   -3983   
1361    -7246   
6199    -3992   
-1461   -7227   
-7246   1361    
-3916   6247    
-6253   3906    
-3897   6259    
-6205   3983    
1461    7227    
7229    -1449   
-1449   -7229   
-7246   1361    
-3983   6205    
-7229   -1449   
1427    -7234   
7234    1427    
-1427   7234    
-7248   -1350   
-3925   -6241   
-6259   -3897   
-3906   -6253   
-6211   -3973   
1449    -7229   
7234    1427    
-1427   7234    
-7234   -1427   
1427    -7234   
7240    1394    
7240    -1394   
3877    -6271   
6229    -3945   
3935    -6235   
7253    1327    
4030    6174    
7220    -1494   
-1394   -7240   
-6271   -3877   
-3945   -6229   
-6235   -3935   
1327    -7253   
6223    -3954   
3935    -6235   
7238    1405    
-1305   7257    
-6223   3954    
-3868   6277    
-6229   3945    
-3935   6235    
-7253   -1327   
-3954   -6223   
-6235   -3935   
1416    -7236   
7240    1394    
-1394   7240    
-7257   -1305   
-3954   -6223   
-6277   -3868   
-4011   -6186   
-7220   1494    
1483    7222    
7240    -1394   
3954    -6223   
7236    1416    
-1305   7257    
-6223   3954    
-3935   6235    
-7253   -1327   
-3954   -6223   
-6235   -3935   
1416    -7236   
7240    1394    
-1305   7257    
-6199   3992    
7240    -1394   
3954    -6223   
7253    1327    
4030    6174    
7220    -1494   
-1483   -7222   
-7222   1483    
1394    7240    
6223    3954    
-1327   7253    
-6174   4030    
1416    7236    
6223    3954    
-1405   7238    
-7257   -1305   
-4030   -6174   
-7220   1494    
1394    7240    
6271    3877    
4011    6186    
7218    -1505   
-1483   -7222   
-7222   1483    
1483    7222    
7240    -1394   
3877    -6271   
6229    -3945   
3935    -6235   
7253    1327    
4030    6174    
7218    -1505   
-1483   -7222   
-7240   1394    
-3954   6223    
-7238   -1405   
1394    -7240   
7257    1305    
3954    6223    
6277    3868    
4011    6186    
7218    -1505   
-1394   -7240   
-6271   -3877   
-3992   -6199   
-7231   1438    
7240    -1394   
3954    -6223   
7238    1405    
-1394   7240    
-7257   -1305   
-4030   -6174   
-7236   1416    
-3954   6223    
-7253   -1327   
-3954   -6223   
-6277   -3868   
-3945   -6229   
-6235   -3935   
1327    -7253   
6174    -4030   
-1416   -7236   
-6271   -3877   
-4011   -6186   
-7236   1416    
-3877   6271    
-6229   3945    
-3935   6235    
-7253   -1327   
-3954   -6223   
-6277   -3868   
-3945   -6229   
-6277   -3868   
-4011   -6186   
-7236   1416    
-3877   6271    
-6186   4011    
1416    7236    
6223    3954    
-1405   7238    
-7240   -1394   
1305    -7257   
6223    -3954   
3868    -6277   
6186    -4011   
-1416   -7236   
-6223   -3954   
1416    -7236   
7240    1394    
-1305   7257    
-6199   3992    
7231    1438    
-1350   7248    
-6241   3925    
-3897   6259    
-6205   3983    
1372    7244    
6205    3983    
-1449   7229    
-7231   -1438   
1438    -7231   
7231    1438    
-1350   7248    
-6241   3925    
-3973   6211    
-7229   -1449   
1350    -7248   
6199    -3992   
-1461   -7227   
-7231   1438    
1361    7246    
6205    3983    
-1449   7229    
-7248   -1350   
-3925   -6241   
-6211   -3973   
1361    -7246   
6199    -3992   
-1461   -7227   
-7231   1438    
1438    7231    
7231    -1438   
-1361   -7246   
-6205   -3983   
1449    -7229   
7248    1350    
3992    6199    
7244    -1372   
3916    -6247   
6205    -3983   
-1372   -7244   
-6205   -3983   
1361    -7246   
6241    -3925   
3877    -6271   
6217    -3964   
7240    -1394   
3877    -6271   
6229    -3945   
3868    -6277   
6186    -4011   
-1416   -7236   
-6223   -3954   
1405    -7238   
7257    1305    
4030    6174    
7236    -1416   
3877    -6271   
6186    -4011   
-1494   -7220   
-7240   1394    
-3954   6223    
-7253   -1327   
-3954   -6223   
-6235   -3935   
1327    -7253   
6174    -4030   
-1494   -7220   
-7240   1394    
-3877   6271    
-6229   3945    
-3868   6277    
-6229   3945    
-3935   6235    
-7238   -1405   
1394    -7240   
7240    1394    
-1394   7240    
-7257   -1305   
-4030   -6174   
-7220   1494    
1394    7240    
6271    3877    
3945    6229    
6235    3935    
-1327   7253    
-6174   4030    
1416    7236    
6271    3877    
3925    6241    
6247    3916    
7242    1383    
3887    6265    
6235    3935    
3945    6229    
7236    -1416   
-1316   -7255   
-6180   -4021   
1483    -7222   
7225    1472    
-1383   7242    
-6217   3964    
1338    7250    
6229    3945    
3945    6229    
7236    -1416   
-1316   -7255   
-6229   -3945   
-3945   -6229   
-7236   1416    
1405    7238    
7255    -1316   
4021    -6180   
7238    1405    
3964    6217    
7250    -1338   
4021    -6180   
7222    1483    
-1383   7242    
-6217   3964    
1338    7250    
6229    3945    
3945    6229    
7250    -1338   
3945    -6229   
6229    -3945   
-1427   -7234   
-7255   1316    
-4021   6180    
-7222   -1483   
1383    -7242   
6217    -3964   
-1427   -7234   
-7238   1405    
1405    7238    
7246    -1361   
7231    1438    
-1438   7231    
-7231   -1438   
1350    -7248   
6241    -3925   
3897    -6259   
6253    -3906   
3973    -6211   
7229    1449    
-1350   7248    
-6241   3925    
-3897   6259    
-6205   3983    
1461    7227    
7231    -1438   
-1361   -7246   
-6247   -3916   
-3906   -6253   
-6211   -3973   
1361    -7246   
6199    -3992   
-1372   -7244   
-6205   -3983   
1361    -7246   
6241    -3925   
3897    -6259   
6205    -3983   
-1372   -7244   
-6247   -3916   
-3906   -6253   
-6259   -3897   
-3906   -6253   
-6211   -3973   
1449    -7229   
7231    1438    
-1350   7248    
-6199   3992    
1372    7244    
6205    3983    
-1361   7246    
-6199   3992    
1461    7227    
7231    -1438   
-1438   -7231   
-7238   1405    
7231    1438    
-1350   7248    
-6199   3992    
1461    7227    
7231    -1438   
-1449   -7229   
-7246   1361    
-3983   6205    
-7246   -1361   
-3925   -6241   
-6211   -3973   
1361    -7246   
6199    -3992   
-1372   -7244   
-6205   -3983   
1361    -7246   
6241    -3925   
3897    -6259   
6253    -3906   
3897    -6259   
6205    -3983   
-1372   -7244   
-6247   -3916   
-3906   -6253   
-6211   -3973   
1449    -7229   
7248    1350    
3992    6199    
7227    -1461   
-1449   -7229   
-7246   1361    
-3916   6247    
-6205   3983    
1372    7244    
6205    3983    
-1361   7246    
-6199   3992    
1372    7244    
6247    3916    
3983    6205    
7244    -1372   
3983    -6205   
7246    1361    
3992    6199    
7231    -1438   
7231    1438    
-1438   7231    
-7248   -1350   
-3925   -6241   
-6259   -3897   
-3983   -6205   
-7244   1372    
-3916   6247    
-6205   3983    
1372    7244    
6247    3916    
3983    6205    
7227    -1461   
-1449   -7229   
-7246   1361    
-3916   6247    
-6253   3906    
-3973   6211    
-7229   -1449   
1350    -7248   
6199    -3992   
-1461   -7227   
-7229   1449    
1449    7229    
7246    -1361   
3983    -6205   
7229    1449    
-1427   7234    
-7248   -1350   
-3925   -6241   
-6259   -3897   
-3906   -6253   
-6259   -3897   
-3983   -6205   
-7244   1372    
-3983   6205    
-7246   -1361   
-3992   -6199   
-7244   1372    
-3916   6247    
-6253   3906    
-3973   6211    
-7246   -1361   
-3925   -6241   
-6247   -3916   
7231    -1438   
-1449   -7229   
-7229   1449    
1361    7246    
6247    3916    
3906    6253    
6259    3897    
3983    6205    
7244    -1372   
3983    -6205   
7246    1361    
3925    6241    
6259    3897    
3906    6253    
6211    3973    
-1449   7229    
-7248   -1350   
-3992   -6199   
-7244   1372    
-3983   6205    
-7246   -1361   
-3992   -6199   
-7244   1372    
-3983   6205    
-7229   -1449   
1427    -7234   
7231    1438    
-1438   7231    
-7248   -1350   
-3992   -6199   
-7244   1372    
-3983   6205    
-7229   -1449   
1350    -7248   
6199    -3992   
-1372   -7244   
-6247   -3916   
-3906   -6253   
-6259   -3897   
-3983   -6205   
-7227   1461    
1361    7246    
6247    3916    
3887    6265    
6223    3954    
7231    1438    
-1438   7231    
-7231   -1438   
1438    -7231   
7231    1438    
-1350   7248    
-6199   3992    
1372    7244    
6247    3916    
3983    6205    
7244    -1372   
3916    -6247   
6253    -3906   
3897    -6259   
6205    -3983   
-1461   -7227   
-7231   1438    
1361    7246    
6247    3916    
3983    6205    
7227    -1461   
-1361   -7246   
-6247   -3916   
-3983   -6205   
-7227   1461    
1361    7246    
6205    3983    
-1449   7229    
-7234   -1427   
1427    -7234   
7248    1350    
3992    6199    
7227    -1461   
-1449   -7229   
-7229   1449    
1361    7246    
6247    3916    
3983    6205    
7227    -1461   
-1449   -7229   
-7246   1361    
-3983   6205    
-7229   -1449   
1427    -7234   
7240    1394    
7231    1438    
-1350   7248    
-6241   3925    
-3897   6259    
-6253   3906    
-3973   6211    
-7246   -1361   
-3925   -6241   
-6259   -3897   
-3906   -6253   
-6259   -3897   
-3906   -6253   
-6259   -3897   
-3983   -6205   
-7244   1372    
-3916   6247    
-6205   3983    
1461    7227    
7231    -1438   
-1449   -7229   
-7246   1361    
-3916   6247    
-6253   3906    
-3897   6259    
-6205   3983    
1461    7227    
7246    -1361   
3983    -6205   
7246    1361    
3925    6241    
6259    3897    
3906    6253    
6259    3897    
3983    6205    
7227    -1461   
-1449   -7229   
-7229   1449    
1449    7229    
7229    -1449   
-1361   -7246   
-6205   -3983   
1361    -7246   
6199    -3992   
-1483   -7222   
-7231   1438    
7242    1383    
3887    6265    
6235    3935    
3945    6229    
7250    -1338   
4021    -6180   
7238    1405    
3887    6265    
6235    3935    
3945    6229    
7250    -1338   
3945    -6229   
6271    -3877   
4002    -6193   
7238    1405    
3887    6265    
6235    3935    
3945    6229    
7236    -1416   
-1316   -7255   
-6180   -4021   
1405    -7238   
6265    -3887   
3935    -6235   
6229    -3945   
-1416   -7236   
-7238   1405    
1405    7238    
7238    -1405   
-1405   -7238   
-7238   1405    
1316    7255    
6180    4021    
-1405   7238    
-6265   3887    
-3935   6235    
-6271   3877    
-4002   6193    
-7222   -1483   
1472    -7225   
7242    1383    
3964    6217    
7234    -1427   
-1316   -7255   
-6205   -3983   
7231    1438    
-1350   7248    
-6241   3925    
-3897   6259    
-6205   3983    
1372    7244    
6205    3983    
-1361   7246    
-6199   3992    
1372    7244    
6205    3983    
-1449   7229    
-7248   -1350   
-3925   -6241   
-6259   -3897   
-3983   -6205   
-7244   1372    
-3983   6205    
-7229   -1449   
1350    -7248   
6199    -3992   
-1461   -7227   
-7231   1438    
1361    7246    
6205    3983    
-1449   7229    
-7231   -1438   
1350    -7248   
6241    -3925   
3973    -6211   
7246    1361    
3992    6199    
7227    -1461   
-1361   -7246   
-6247   -3916   
-3906   -6253   
-6259   -3897   
-3983   -6205   
-7227   1461    
1438    7231    
7231    -1438   
-1361   -7246   
-6205   -3983   
1383    -7242   
6241    -3925   
7231    1438    
-1350   7248    
-6199   3992    
1461    7227    
7246    -1361   
3983    -6205   
7229    1449    
-1350   7248    
-6199   3992    
1461    7227    
7246    -1361   
3916    -6247   
6253    -3906   
3897    -6259   
6253    -3906   
3973    -6211   
7229    1449    
-1350   7248    
-6241   3925    
-3973   6211    
-7229   -1449   
1438    -7231   
7248    1350    
3925    6241    
6259    3897    
3983    6205    
7244    -1372   
3916    -6247   
6205    -3983   
-1372   -7244   
-6205   -3983   
1361    -7246   
6241    -3925   
3973    -6211   
7246    1361    
3925    6241    
6211    3973    
-1449   7229    
-7231   -1438   
1438    -7231   
7248    1350    
3992    6199    
7244    -1372   
3916    -6247   
6241    -3925   
7242    1383    
3964    6217    
7250    -1338   
3945    -6229   
6271    -3877   
3935    -6235   
6271    -3877   
3935    -6235   
6229    -3945   
-1416   -7236   
-7238   1405    
1405    7238    
7255    -1316   
3945    -6229   
6229    -3945   
-1427   -7234   
-7255   1316    
-4021   6180    
-7238   -1405   
-3964   -6217   
-7234   1427    
1316    7255    
6229    3945    
3945    6229    
7234    -1427   
-1405   -7238   
-7238   1405    
1316    7255    
6180    4021    
-1483   7222    
-7242   -1383   
-3887   -6265   
-6235   -3935   
-3877   -6271   
-6235   -3935   
-3877   -6271   
-6193   -4002   
1483    -7222   
7225    1472    
-1383   7242    
-6265   3887    
-4002   6193    
-7238   -1405   
-3887   -6265   
-6223   -3954   
7240    -1394   
3877    -6271   
6186    -4011   
-1416   -7236   
-6223   -3954   
1405    -7238   
7257    1305    
4030    6174    
7220    -1494   
-1394   -7240   
-6223   -3954   
1327    -7253   
6223    -3954   
3935    -6235   
7238    1405    
-1394   7240    
-7240   -1394   
1394    -7240   
7240    1394    
-1305   7257    
-6174   4030    
1494    7220    
7222    -1483   
-1394   -7240   
-6223   -3954   
1327    -7253   
6174    -4030   
-1416   -7236   
-6271   -3877   
-3945   -6229   
-6277   -3868   
-3945   -6229   
-6277   -3868   
-4011   -6186   
-7236   1416    
-3877   6271    
-6229   3945    
-3868   6277    
-6229   3945    
-3935   6235    
-7253   -1327   
-3954   -6223   
-6235   -3935   
1438    -7231   
7240    1394    
7242    1383    
3887    6265    
6235    3935    
3945    6229    
7236    -1416   
-1405   -7238   
-7255   1316    
-4021   6180    
-7238   -1405   
-3887   -6265   
-6235   -3935   
-3877   -6271   
-6235   -3935   
-3877   -6271   
-6235   -3935   
-3877   -6271   
-6193   -4002   
1483    -7222   
7225    1472    
-1472   7225    
-7225   -1472   
1383    -7242   
6265    -3887   
3935    -6235   
6229    -3945   
-1416   -7236   
-7238   1405    
1405    7238    
7255    -1316   
3945    -6229   
6271    -3877   
3935    -6235   
6271    -3877   
3935    -6235   
6229    -3945   
-1416   -7236   
-7255   1316    
-3945   6229    
-6229   3945    
1338    7250    
6180    4021    
-1483   7222    
-7225   -1472   
1472    -7225   
7234    1427    
7231    -1438   
-1361   -7246   
-6247   -3916   
-3983   -6205   
-7227   1461    
1449    7229    
7246    -1361   
3983    -6205   
7229    1449    
-1350   7248    
-6199   3992    
1372    7244    
6205    3983    
-1361   7246    
-6199   3992    
1461    7227    
7246    -1361   
3916    -6247   
6205    -3983   
-1461   -7227   
-7229   1449    
1361    7246    
6247    3916    
3983    6205    
7244    -1372   
3916    -6247   
6253    -3906   
3973    -6211   
7246    1361    
3925    6241    
6259    3897    
3983    6205    
7227    -1461   
-1449   -7229   
-7246   1361    
-3983   6205    
-7246   -1361   
-3992   -6199   
-7227   1461    
1449    7229    
7246    -1361   
3916    -6247   
6253    -3906   
3954    -6223   
7240    1394    
7231    -1438   
-1449   -7229   
-7229   1449    
1449    7229    
7229    -1449   
-1361   -7246   
-6247   -3916   
-3983   -6205   
-7244   1372    
-3983   6205    
-7229   -1449   
1427    -7234   
7248    1350    
3992    6199    
7227    -1461   
-1361   -7246   
-6247   -3916   
-3983   -6205   
-7227   1461    
1361    7246    
6247    3916    
3906    6253    
6259    3897    
3906    6253    
6211    3973    
-1361   7246    
-6241   3925    
-3973   6211    
-7229   -1449   
1427    -7234   
7248    1350    
3992    6199    
7244    -1372   
3983    -6205   
7229    1449    
-1350   7248    
-6241   3925    
-3973   6211    
-7229   -1449   
1350    -7248   
6241    -3925   
3973    -6211   
7246    1361    
3925    6241    
6247    3916    
7231    -1438   
-1361   -7246   
-6247   -3916   
-3983   -6205   
-7227   1461    
1361    7246    
6247    3916    
3983    6205    
7227    -1461   
-1361   -7246   
-6205   -3983   
1361    -7246   
6241    -3925   
3897    -6259   
6205    -3983   
-1372   -7244   
-6205   -3983   
1361    -7246   
6199    -3992   
-1461   -7227   
-7246   1361    
-3916   6247    
-6253   3906    
-3897   6259    
-6205   3983    
1461    7227    
7229    -1449   
-1449   -7229   
-7246   1361    
-3983   6205    
-7229   -1449   
1427    -7234   
7234    1427    
-1427   7234    
-7248   -1350   
-3925   -6241   
-6259   -3897   
-3906   -6253   
-6211   -3973   
1449    -7229   
7234    1427    
-1427   7234    
-7234   -1427   
1427    -7234   
7240    1394    
7240    -1394   
3877    -6271   
6229    -3945   
3935    -6235   
7253    1327    
4030    6174    
7220    -1494   
-1394   -7240   
-6271   -3877   
-3945   -6229   
-6235   -3935   
1327    -7253   
6223    -3954   
3935    -6235   
7238    1405    
-1305   7257    
-6223   3954    
-3868   6277    
-6229   3945    
-3935   6235    
-7253   -1327   
-3954   -6223   
-6235   -3935   
1416    -7236   
7240    1394    
-1394   7240    
-7257   -1305   
-3954   -6223   
-6277   -3868   
-4011   -6186   
-7220   1494    
1483    7222    
7240    -1394   
3954    -6223   
7236    1416    
-1305   7257    
-6223   3954    
-3935   6235    
-7253   -1327   
-3954   -6223   
-6235   -3935   
1416    -7236   
7240    1394    
-1305   7257    
-6199   3992    
7240    -1394   
3954    -6223   
7253    1327    
4030    6174    
7220    -1494   
-1483   -7222   
-7222   1483    
1394    7240    
6223    3954    
-1327   7253    
-6174   4030    
1416    7236    
6223    3954    
-1405   7238    
-7257   -1305   
-4030   -6174   
-7220   1494    
1394    7240    
6271    3877    
4011    6186    
7218    -1505   
-1483   -7222   
-7222   1483    
1483    7222    
7240    -1394   
3877    -6271   
6229    -3945   
3935    -6235   
7253    1327    
4030    6174    
7218    -1505   
-1483   -7222   
-7240   1394    
-3954   6223    
-7238   -1405   
1394    -7240   
7257    1305    
3954    6223    
6277    3868    
4011    6186    
7218    -1505   
-1394   -7240   
-6271   -3877   
-3992   -6199   
-7231   1438    
7240    -1394   
3954    -6223   
7238    1405    
-1394   7240    
-7257   -1305   
-4030   -6174   
-7236   1416    
-3954   6223    
-7253   -1327   
-3954   -6223   
-6277   -3868   
-3945   -6229   
-6235   -3935   
1327    -7253   
6174    -4030   
-1416   -7236   
-6271   -3877   
-4011   -6186   
-7236   1416    
-3877   6271    
-6229   3945    
-3935   6235    
-7253   -1327   
-3954   -6223   
-6277   -3868   
-3945   -6229   
-6277   -3868   
-4011   -6186   
-7236   1416    
-3877   6271    
-6186   4011    
1416    7236    
6223    3954    
-1405   7238    
-7240   -1394   
1305    -7257   
6223    -3954   
3868    -6277   
6186    -4011   
-1416   -7236   
-6223   -3954   
1416    -7236   
7240    1394    
-1305   7257    
-6199   3992    
7231    1438    
-1350   7248    
-6241   3925    
-3897   6259    
-6205   3983    
1372    7244    
6205    3983    
-1449   7229    
-7231   -1438   
1438    -7231   
7231    1438    
-1350   7248    
-6241   3925    
-3973   6211    
-7229   -1449   
1350    -7248   
6199    -3992   
-1461   -7227   
-7231   1438    
1361    7246    
6205    3983    
-1449   7229    
-7248   -1350   
-3925   -6241   
-6211   -3973   
1361    -7246   
6199    -3992   
-1461   -7227   
-7231   1438    
1438    7231    
7231    -1438   
-1361   -7246   
-6205   -3983   
1449    -7229   
7248    1350    
3992    6199    
7244    -1372   
3916    -6247   
6205    -3983   
-1372   -7244   
-6205   -3983   
1361    -7246   
6241    -3925   
3877    -6271   
6217    -3964   
7240    -1394   
3877    -6271   
6229    -3945   
3868    -6277   
6186    -4011   
-1416   -7236   
-6223   -3954   
1405    -7238   
7257    1305    
4030    6174    
7236    -1416   
3877    -6271   
6186    -4011   
-1494   -7220   
-7240   1394    
-3954   6223    
-7253   -1327   
-3954   -6223   
-6235   -3935   
1327    -7253   
6174    -4030   
-1494   -7220   
-7240   1394    
-3877   6271    
-6229   3945    
-3868   6277    
-6229   3945    
-3935   6235    
-7238   -1405   
1394    -7240   
7240    1394    
-1394   7240    
-7257   -1305   
-4030   -6174   
-7220   1494    
1394    7240    
6271    3877    
3945    6229    
6235    3935    
-1327   7253    
-6174   4030    
1416    7236    
6271    3877    
3925    6241    
6247    3916    
7242    1383    
3887    6265    
6235    3935    
3945    6229    
7236    -1416   
-1316   -7255   
-6180   -4021   
1483    -7222   
7225    1472    
-1383   7242    
-6217   3964    
1338    7250    
6229    3945    
3945    6229    
7236    -1416   
-1316   -7255   
-6229   -3945   
-3945   -6229   
-7236   1416    
1405    7238    
7255    -1316   
4021    -6180   
7238    1405    
3964    6217    
7250    -1338   
4021    -6180   
7222    1483    
-1383   7242    
-6217   3964    
1338    7250    
6229    3945    
3945    6229    
7250    -1338   
3945    -6229   
6229    -3945   
-1427   -7234   
-7255   1316    
-4021   6180    
-7222   -1483   
1383    -7242   
6217    -3964   
-1427   -7234   
-7238   1405    
1405    7238    
7246    -1361   
7231    1438    
-1438   7231    
-7231   -1438   
1350    -7248   
6241    -3925   
3897    -6259   
6253    -3906   
3973    -6211   
7229    1449    
-1350   7248    
-6241   3925    
-3897   6259    
-6205   3983    
1461    7227    
7231    -1438   
-1361   -7246   
-6247   -3916   
-3906   -6253   
-6211   -3973   
1361    -7246   
6199    -3992   
-1372   -7244   
-6205   -3983   
1361    -7246   
6241    -3925   
3897    -6259   
6205    -3983   
-1372   -7244   
-6247   -3916   
-3906   -6253   
-6259   -3897   
-3906   -6253   
-6211   -3973   
1449    -7229   
7231    1438    
-1350   7248    
-6199   3992    
1372    7244    
6205    3983    
-1361   7246    
-6199   3992    
1461    7227    
7231    -1438   
-1438   -7231   
-7238   1405    
7231    1438    
-1350   7248    
-6199   3992    
1461    7227    
7231    -1438   
-1449   -7229   
-7246   1361    
-3983   6205    
-7246   -1361   
-3925   -6241   
-6211   -3973   
1361    -7246   
6199    -3992   
-1372   -7244   
-6205   -3983   
1361    -7246   
6241    -3925   
3897    -6259   
6253    -3906   
3897    -6259   
6205    -3983   
-1372   -7244   
-6247   -3916   
-3906   -6253   
-6211   -3973   
1449    -7229   
7248    1350    
3992    6199    
7227    -1461   
-1449   -7229   
-7246   1361    
-3916   6247    
-6205   3983    
1372    7244    
6205    3983    
-1361   7246    
-6199   3992    
1372    7244    
6247    3916    
3983    6205    
7244    -1372   
3983    -6205   
7246    1361    
3992    6199    
7231    -1438   
7231    1438    
-1438   7231    
-7248   -1350   
-3925   -6241   
-6259   -3897   
-3983   -6205   
-7244   1372    
-3916   6247    
-6205   3983    
1372    7244    
6247    3916    
3983    6205    
7227    -1461   
-1449   -7229   
-7246   1361    
-3916   6247    
-6253   3906    
-3973   6211    
-7229   -1449   
1350    -7248   
6199    -3992   
-1461   -7227   
-7229   1449    
1449    7229    
7246    -1361   
3983    -6205   
7229    1449    
-1427   7234    
-7248   -1350   
-3925   -6241   
-6259   -3897   
-3906   -6253   
-6259   -3897   
-3983   -6205   
-7244   1372    
-3983   6205    
-7246   -1361   
-3992   -6199   
-7244   1372    
-3916   6247    
-6253   3906    
-3973   6211    
-7246   -1361   
-3925   -6241   
-6247   -3916   
7231    -1438   
-1449   -7229   
-7229   1449    
1361    7246    
6247    3916    
3906    6253    
6259    3897    
3983    6205    
7244    -1372   
3983    -6205   
7246    1361    
3925    6241    
6259    3897    
3906    6253    
6211    3973    
-1449   7229    
-7248   -1350   
-3992   -6199   
-7244   1372    
-3983   6205    
-7246   -1361   
-3992   -6199   
-7244   1372    
-3983   6205    
-7229   -1449   
1427    -7234   
7231    1438    
-1438   7231    
-7248   -1350   
-3992   -6199   
-7244   1372    
-3983   6205    
-7229   -1449   
1350    -7248   
6199    -3992   
-1372   -7244   
-6247   -3916   
-3906   -6253   
-6259   -3897   
-3983   -6205   
-7227   1461    
1361    7246    
6247    3916    
3887    6265    
6223    3954    
7231    1438    
-1438   7231    
-7231   -1438   
1438    -7231   
7231    1438    
-1350   7248    
-6199   3992    
1372    7244    
6247    3916    
3983    6205    
7244    -1372   
3916    -6247   
6253    -3906   
3897    -6259   
6205    -3983   
-1461   -7227   
-7231   1438    
1361    7246    
6247    3916    
3983    6205    
7227    -1461   
-1361   -7246   
-6247   -3916   
-3983   -6205   
-7227   1461    
1361    7246    
6205    3983    
-1449   7229    
-7234   -1427   
1427    -7234   
7248    1350    
3992    6199    
7227    -1461   
-1449   -7229   
-7229   1449    
1361    7246    
6247    3916    
3983    6205    
7227    -1461   
-1449   -7229   
-7246   1361    
-3983   6205    
-7229   -1449   
1427    -7234   
7240    1394    
7231    1438    
-1350   7248    
-6241   3925    
-3897   6259    
-6253   3906    
-3973   6211    
-7246   -1361   
-3925   -6241   
-6259   -3897   
-3906   -6253   
-6259   -3897   
-3906   -6253   
-6259   -3897   
-3983   -6205   
-7244   1372    
-3916   6247    
-6205   3983    
1461    7227    
7231    -1438   
-1449   -7229   
-7246   1361    
-3916   6247    
-6253   3906    
-3897   6259    
-6205   3983    
1461    7227    
7246    -1361   
3983    -6205   
7246    1361    
3925    6241    
6259    3897    
3906    6253    
6259    3897    
3983    6205    
7227    -1461   
-1449   -7229   
-7229   1449    
1449    7229    
7229    -1449   
-1361   -7246   
-6205   -3983   
1361    -7246   
6199    -3992   
-1483   -7222   
-7231   1438    
7242    1383    
3887    6265    
6235    3935    
3945    6229    
7250    -1338   
4021    -6180   
7238    1405    
3887    6265    
6235    3935    
3945    6229    
7250    -1338   
3945    -6229   
6271    -3877   
4002    -6193   
7238    1405    
3887    6265    
6235    3935    
3945    6229    
7236    -1416   
-1316   -7255   
-6180   -4021   
1405    -7238   
6265    -3887   
3935    -6235   
6229    -3945   
-1416   -7236   
-7238   1405    
1405    7238    
7238    -1405   
-1405   -7238   
-7238   1405    
1316    7255    
6180    4021    
-1405   7238    
-6265   3887    
-3935   6235    
-6271   3877    
-4002   6193    
-7222   -1483   
1472    -7225   
7242    1383    
3964    6217    
7234    -1427   
-1316   -7255   
-6205   -3983   
7231    1438    
-1350   7248    
-6241   3925    
-3897   6259    
-6205   3983    
1372    7244    
6205    3983    
-1361   7246    
-6199   3992    
1372    7244    
6205    3983    
-1449   7229    
-7248   -1350   
-3925   -6241   
-6259   -3897   
-3983   -6205   
-7244   1372    
-3983   6205    
-7229   -1449   
1350    -7248   
6199    -3992   
-1461   -7227   
-7231   1438    
1361    7246    
6205    3983    
-1449   7229    
-7231   -1438   
1350    -7248   
6241    -3925   
3973    -6211   
7246    1361    
3992    6199    
7227    -1461   
-1361   -7246   
-6247   -3916   
-3906   -6253   
-6259   -3897   
-3983   -6205   
-7227   1461    
1438    7231    
7231    -1438   
-1361   -7246   
-6205   -3983   
1383    -7242   
6241    -3925   
7231    1438    
-1350   7248    
-6199   3992    
1461    7227    
7246    -1361   
3983    -6205   
7229    1449    
-1350   7248    
-6199   3992    
1461    7227    
7246    -1361   
3916    -6247   
6253    -3906   
3897    -6259   
6253    -3906   
3973    -6211   
7229    1449    
-1350   7248    
-6241   3925    
-3973   6211    
-7229   -1449   
1438    -7231   
7248    1350    
3925    6241    
6259    3897    
3983    6205    
7244    -1372   
3916    -6247   
6205    -3983   
-1372   -7244   
-6205   -3983   
1361    -7246   
6241    -3925   
3973    -6211   
7246    1361    
3925    6241    
6211    3973    
-1449   7229    
-7231   -1438   
1438    -7231   
7248    1350    
3992    6199    
7244    -1372   
3916    -6247   
6241    -3925   
7242    1383    
3964    6217    
7250    -1338   
3945    -6229   
6271    -3877   
3935    -6235   
6271    -3877   
3935    -6235   
6229    -3945   
-1416   -7236   
-7238   1405    
1405    7238    
7255    -1316   
3945    -6229   
6229    -3945   
-1427   -7234   
-7255   1316    
-4021   6180    
-7238   -1405   
-3964   -6217   
-7234   1427    
1316    7255    
6229    3945    
3945    6229    
7234    -1427   
-1405   -7238   
-7238   1405    
1316    7255    
6180    4021    
-1483   7222    
-7242   -1383   
-3887   -6265   
-6235   -3935   
-3877   -6271   
-6235   -3935   
-3877   -6271   
-6193   -4002   
1483    -7222   
7225    1472    
-1383   7242    
-6265   3887    
-4002   6193    
-7238   -1405   
-3887   -6265   
-6223   -3954   
7240    -1394   
3877    -6271   
6186    -4011   
-1416   -7236   
-6223   -3954   
1405    -7238   
7257    1305    
4030    6174    
7220    -1494   
-1394   -7240   
-6223   -3954   
1327    -7253   
6223    -3954   
3935    -6235   
7238    1405    
-1394   7240    
-7240   -1394   
1394    -7240   
7240    1394    
-1305   7257    
-6174   4030    
1494    7220    
7222    -1483   
-1394   -7240   
-6223   -3954   
1327    -7253   
6174    -4030   
-1416   -7236   
-6271   -3877   
-3945   -6229   
-6277   -3868   
-3945   -6229   
-6277   -3868   
-4011   -6186   
-7236   1416    
-3877   6271    
-6229   3945    
-3868   6277    
-6229   3945    
-3935   6235    
-7253   -1327   
-3954   -6223   
-6235   -3935   
1438    -7231   
7240    1394    
7242    1383    
3887    6265    
6235    3935    
3945    6229    
7236    -1416   
-1405   -7238   
-7255   1316    
-4021   6180    
-7238   -1405   
-3887   -6265   
-6235   -3935   
-3877   -6271   
-6235   -3935   
-3877   -6271   
-6235   -3935   
-3877   -6271   
-6193   -4002   
1483    -7222   
7225    1472    
-1472   7225    
-7225   -1472   
1383    -7242   
6265    -3887   
3935    -6235   
6229    -3945   
-1416   -7236   
-7238   1405    
1405    7238    
7255    -1316   
3945    -6229   
6271    -3877   
3935    -6235   
6271    -3877   
3935    -6235   
6229    -3945   
-1416   -7236   
-7255   1316    
-3945   6229    
-6229   3945    
1338    7250    
6180    4021    
-1483   7222    
-7225   -1472   
1472    -7225   
7234    1427    
7231    -1438   
-1361   -7246   
-6247   -3916   
-3983   -6205   
-7227   1461    
1449    7229    
7246    -1361   
3983    -6205   
7229    1449    
-1350   7248    
-6199   3992    
1372    7244    
6205    3983    
-1361   7246    
-6199   3992    
1461    7227    
7246    -1361   
3916    -6247   
6205    -3983   
-1461   -7227   
-7229   1449    
1361    7246    
6247    3916    
3983    6205    
7244    -1372   
3916    -6247   
6253    -3906   
3973    -6211   
7246    1361    
3925    6241    
6259    3897    
3983    6205    
7227    -1461   
-1449   -7229   
-7246   1361    
-3983   6205    
-7246   -1361   
-3992   -6199   
-7227   1461    
1449    7229    
7246    -1361   
3916    -6247   
6253    -3906   
3954    -6223   
7240    1394    
7231    -1438   
-1449   -7229   
-7229   1449    
1449    7229    
7229    -1449   
-1361   -7246   
-6247   -3916   
-3983   -6205   
-7244   1372    
-3983   6205    
-7229   -1449   
1427    -7234   
7248    1350    
3992    6199    
7227    -1461   
-1361   -7246   
-6247   -3916   
-3983   -6205   
-7227   1461    
1361    7246    
6247    3916    
3906    6253    
6259    3897    
3906    6253    
6211    3973    
-1361   7246    
-6241   3925    
-3973   6211    
-7229   -1449   
1427    -7234   
7248    1350    
3992    6199    
7244    -1372   
3983    -6205   
7229    1449    
-1350   7248    
-6241   3925    
-3973   6211    
-7229   -1449   
1350    -7248   
6241    -3925   
3973    -6211   
7246    1361    
3925    6241    
6247    3916    
7231    -1438   
-1361   -7246   
-6247   -3916   
-3983   -6205   
-7227   1461    
1361    7246    
6247    3916    
3983    6205    
7227    -1461   
-1361   -7246   
-6205   -3983   
1361    -7246   
6241    -3925   
3897    -6259   
6205    -3983   
-1372   -7244   
-6205   -3983   
1361    -7246   
6199    -3992   
-1461   -7227   
-7246   1361    
-3916   6247    
-6253   3906    
-3897   6259    
-6205   3983    
1461    7227    
7229    -1449   
-1449   -7229   
-7246   1361    
-3983   6205    
-7229   -1449   
1427    -7234   
7234    1427    
-1427   7234    
-7248   -1350   
-3925   -6241   
-6259   -3897   
-3906   -6253   
-6211   -3973   
1449    -7229   
7234    1427    
-1427   7234    
-7234   -1427   
1427    -7234   
7240    1394    
7240    -1394   
3877    -6271   
6229    -3945   
3935    -6235   
7253    1327    
4030    6174    
7220    -1494   
-1394   -7240   
-6271   -3877   
-3945   -6229   
-6235   -3935   
1327    -7253   
6223    -3954   
3935    -6235   
7238    1405    
-1305   7257    
-6223   3954    
-3868   6277    
-6229   3945    
-3935   6235    
-7253   -1327   
-3954   -6223   
-6235   -3935   
1416    -7236   
7240    1394    
-1394   7240    
-7257   -1305   
-3954   -6223   
-6277   -3868   
-4011   -6186   
-7220   1494    
1483    7222    
7240    -1394   
3954    -6223   
7236    1416    
-1305   7257    
-6223   3954    
-3935   6235    
-7253   -1327   
-3954   -6223   
-6235   -3935   
1416    -7236   
7240    1394    
-1305   7257    
-6199   3992    
7240    -1394   
3954    -6223   
7253    1327    
4030    6174    
7220    -1494   
-1483   -7222   
-7222   1483    
1394    7240    
6223    3954    
-1327   7253    
-6174   4030    
1416    7236    
6223    3954    
-1405   7238    
-7257   -1305   
-4030   -6174   
-7220   1494    
1394    7240    
6271    3877    
4011    6186    
7218    -1505   
-1483   -7222   
-7222   1483    
1483    7222    
7240    -1394   
3877    -6271   
6229    -3945   
3935    -6235   
7253    1327    
4030    6174    
7218    -1505   
-1483   -7222   
-7240   1394    
-3954   6223    
-7238   -1405   
1394    -7240   
7257    1305    
3954    6223    
6277    3868    
4011    6186    
7218    -1505   
-1394   -7240   
-6271   -3877   
-3992   -6199   
-7231   1438    
7240    -1394   
3954    -6223   
7238    1405    
-1394   7240    
-7257   -1305   
-4030   -6174   
-7236   1416    
-3954   6223    
-7253   -1327   
-3954   -6223   
-6277   -3868   
-3945   -6229   
-6235   -3935   
1327    -7253   
6174    -4030   
-1416   -7236   
-6271   -3877   
-4011   -6186   
-7236   1416    
-3877   6271    
-6229   3945    
-3935   6235    
-7253   -1327   
-3954   -6223   
-6277   -3868   
-3945   -6229   
-6277   -3868   
-4011   -6186   
-7236   1416    
-3877   6271    
-6186   4011    
1416    7236    
6223    3954    
-1405   7238    
-7240   -1394   
1305    -7257   
6223    -3954   
3868    -6277   
6186    -4011   
-1416   -7236   
-6223   -3954   
1416    -7236   
7240    1394    
-1305   7257    
-6199   3992    
7231    1438    
-1350   7248    
-6241   3925    
-3897   6259    
-6205   3983    
1372    7244    
6205    3983    
-1449   7229    
-7231   -1438   
1438    -7231   
7231    1438    
-1350   7248    
-6241   3925    
-3973   6211    
-7229   -1449   
1350    -7248   
6199    -3992   
-1461   -7227   
-7231   1438    
1361    7246    
6205    3983    
-1449   7229    
-7248   -1350   
-3925   -6241   
-6211   -3973   
1361    -7246   
6199    -3992   
-1461   -7227   
-7231   1438    
1438    7231    
7231    -1438   
-1361   -7246   
-6205   -3983   
1449    -7229   
7248    1350    
3992    6199    
7244    -1372   
3916    -6247   
6205    -3983   
-1372   -7244   
-6205   -3983   
1361    -7246   
6241    -3925   
3877    -6271   
6217    -3964   
7240    -1394   
3877    -6271   
6229    -3945   
3868    -6277   
6186    -4011   
-1416   -7236   
-6223   -3954   
1405    -7238   
7257    1305    
4030    6174    
7236    -1416   
3877    -6271   
6186    -4011   
-1494   -7220   
-7240   1394    
-3954   6223    
-7253   -1327   
-3954   -6223   
-6235   -3935   
1327    -7253   
6174    -4030   
-1494   -7220   
-7240   1394    
-3877   6271    
-6229   3945    
-3868   6277    
-6229   3945    
-3935   6235    
-7238   -1405   
1394    -7240   
7240    1394    
-1394   7240    
-7257   -1305   
-4030   -6174   
-7220   1494    
1394    7240    
6271    3877    
3945    6229    
6235    3935    
-1327   7253    
-6174   4030    
1416    7236    
6271    3877    
3925    6241    
6247    3916    
7242    1383    
3887    6265    
6235    3935    
3945    6229    
7236    -1416   
-1316   -7255   
-6180   -4021   
1483    -7222   
7225    1472    
-1383   7242    
-6217   3964    
1338    7250    
6229    3945    
3945    6229    
7236    -1416   
-1316   -7255   
-6229   -3945   
-3945   -6229   
-7236   1416    
1405    7238    
7255    -1316   
4021    -6180   
7238    1405    
3964    6217    
7250    -1338   
4021    -6180   
7222    1483    
-1383   7242    
-6217   3964    
1338    7250    
6229    3945    
3945    6229    
7250    -1338   
3945    -6229   
6229    -3945   
-1427   -7234   
-7255   1316    
-4021   6180    
-7222   -1483   
1383    -7242   
6217    -3964   
-1427   -7234   
-7238   1405    
1405    7238    
7246    -1361   
7231    1438    
-1438   7231    
-7231   -1438   
1350    -7248   
6241    -3925   
3897    -6259   
6253    -3906   
3973    -6211   
7229    1449    
-1350   7248    
-6241   3925    
-3897   6259    
-6205   3983    
1461    7227    
7231    -1438   
-1361   -7246   
-6247   -3916   
-3906   -6253   
-6211   -3973   
1361    -7246   
6199    -3992   
-1372   -7244   
-6205   -3983   
1361    -7246   
6241    -3925   
3897    -6259   
6205    -3983   
-1372   -7244   
-6247   -3916   
-3906   -6253   
-6259   -3897   
-3906   -6253   
-6211   -3973   
1449    -7229   
7231    1438    
-1350   7248    
-6199   3992    
1372    7244    
6205    3983    
-1361   7246    
-6199   3992    
1461    7227    
7231    -1438   
-1438   -7231   
-7238   1405    
7231    1438    
-1350   7248    
-6199   3992    
1461    7227    
7231    -1438   
-1449   -7229   
-7246   1361    
-3983   6205    
-7246   -1361   
-3925   -6241   
-6211   -3973   
1361    -7246   
6199    -3992   
-1372   -7244   
-6205   -3983   
1361    -7246   
6241    -3925   
3897    -6259   
6253    -3906   
3897    -6259   
6205    -3983   
-1372   -7244   
-6247   -3916   
-3906   -6253   
-6211   -3973   
1449    -7229   
7248    1350    
3992    6199    
7227    -1461   
-1449   -7229   
-7246   1361    
-3916   6247    
-6205   3983    
1372    7244    
6205    3983    
-1361   7246    
-6199   3992    
1372    7244    
6247    3916    
3983    6205    
7244    -1372   
3983    -6205   
7246    1361    
3992    6199    
7231    -1438   
7231    1438    
-1438   7231    
-7248   -1350   
-3925   -6241   
-6259   -3897   
-3983   -6205   
-7244   1372    
-3916   6247    
-6205   3983    
1372    7244    
6247    3916    
3983    6205    
7227    -1461   
-1449   -7229   
-7246   1361    
-3916   6247    
-6253   3906    
-3973   6211    
-7229   -1449   
1350    -7248   
6199    -3992   
-1461   -7227   
-7229   1449    
1449    7229    
7246    -1361   
3983    -6205   
7229    1449    
-1427   7234    
-7248   -1350   
-3925   -6241   
-6259   -3897   
-3906   -6253   
-6259   -3897   
-3983   -6205   
-7244   1372    
-3983   6205    
-7246   -1361   
-3992   -6199   
-7244   1372    
-3916   6247    
-6253   3906    
-3973   6211    
-7246   -1361   
-3925   -6241   
-6247   -3916   
7231    -1438   
-1449   -7229   
-7229   1449    
1361    7246    
6247    3916    
3906    6253    
6259    3897    
3983    6205    
7244    -1372   
3983    -6205   
7246    1361    
3925    6241    
6259    3897    
3906    6253    
6211    3973    
-1449   7229    
-7248   -1350   
-3992   -6199   
-7244   1372    
-3983   6205    
-7246   -1361   
-3992   -6199   
-7244   1372    
-3983   6205    
-7229   -1449   
1427    -7234   
7231    1438    
-1438   7231    
-7248   -1350   
-3992   -6199   
-7244   1372    
-3983   6205    
-7229   -1449   
1350    -7248   
6199    -3992   
-1372   -7244   
-6247   -3916   
-3906   -6253   
-6259   -3897   
-3983   -6205   
-7227   1461    
1361    7246    
6247    3916    
3887    6265    
6223    3954    
7231    1438    
-1438   7231    
-7231   -1438   
1438    -7231   
7231    1438    
-1350   7248    
-6199   3992    
1372    7244    
6247    3916    
3983    6205    
7244    -1372   
3916    -6247   
6253    -3906   
3897    -6259   
6205    -3983   
-1461   -7227   
-7231   1438    
1361    7246    
6247    3916    
3983    6205    
7227    -1461   
-1361   -7246   
-6247   -3916   
-3983   -6205   
-7227   1461    
1361    7246    
6205    3983    
-1449   7229    
-7234   -1427   
1427    -7234   
7248    1350    
3992    6199    
7227    -1461   
-1449   -7229   
-7229   1449    
1361    7246    
6247    3916    
3983    6205    
7227    -1461   
-1449   -7229   
-7246   1361    
-3983   6205    
-7229   -1449   
1427    -7234   
7240    1394    
7231    1438    
-1350   7248    
-6241   3925    
-3897   6259    
-6253   3906    
-3973   6211    
-7246   -1361   
-3925   -6241   
-6259   -3897   
-3906   -6253   
-6259   -3897   
-3906   -6253   
-6259   -3897   
-3983   -6205   
-7244   1372    
-3916   6247    
-6205   3983    
1461    7227    
7231    -1438   
-1449   -7229   
-7246   1361    
-3916   6247    
-6253   3906    
-3897   6259    
-6205   3983    
1461    7227    
7246    -1361   
3983    -6205   
7246    1361    
3925    6241    
6259    3897    
3906    6253    
6259    3897    
3983    6205    
7227    -1461   
-1449   -7229   
-7229   1449    
1449    7229    
7229    -1449   
-1361   -7246   
-6205   -3983   
1361    -7246   
6199    -3992   
-1483   -7222   
-7231   1438    
7242    1383    
3887    6265    
6235    3935    
3945    6229    
7250    -1338   
4021    -6180   
7238    1405    
3887    6265    
6235    3935    
3945    6229    
7250    -1338   
3945    -6229   
6271    -3877   
4002    -6193   
7238    1405    
3887    6265    
6235    3935    
3945    6229    
7236    -1416   
-1316   -7255   
-6180   -4021   
1405    -7238   
6265    -3887   
3935    -6235   
6229    -3945   
-1416   -7236   
-7238   1405    
1405    7238    
7238    -1405   
-1405   -7238   
-7238   1405    
1316    7255    
6180    4021    
-1405   7238    
-6265   3887    
-3935   6235    
-6271   3877    
-4002   6193    
-7222   -1483   
1472    -7225   
7242    1383    
3964    6217    
7234    -1427   
-1316   -7255   
-6205   -3983   
7231    1438    
-1350   7248    
-6241   3925    
-3897   6259    
-6205   3983    
1372    7244    
6205    3983    
-1361   7246    
-6199   3992    
1372    7244    
6205    3983    
-1449   7229    
-7248   -1350   
-3925   -6241   
-6259   -3897   
-3983   -6205   
-7244   1372    
-3983   6205    
-7229   -1449   
1350    -7248   
6199    -3992   
-1461   -7227   
-7231   1438    
1361    7246    
6205    3983    
-1449   7229    
-7231   -1438   
1350    -7248   
6241    -3925   
3973    -6211   
7246    1361    
3992    6199    
7227    -1461   
-1361   -7246   
-6247   -3916   
-3906   -6253   
-6259   -3897   
-3983   -6205   
-7227   1461    
1438    7231    
7231    -1438   
-1361   -7246   
-6205   -3983   
1383    -7242   
6241    -3925   
7231    1438    
-1350   7248    
-6199   3992    
1461    7227    
7246    -1361   
3983    -6205   
7229    1449    
-1350   7248    
-6199   3992    
1461    7227    
7246    -1361   
3916    -6247   
6253    -3906   
3897    -6259   
6253    -3906   
3973    -6211   
7229    1449    
-1350   7248    
-6241   3925    
-3973   6211    
-7229   -1449   
1438    -7231   
7248    1350    
3925    6241    
6259    3897    
3983    6205    
7244    -1372   
3916    -6247   
6205    -3983   
-1372   -7244   
-6205   -3983   
1361    -7246   
6241    -3925   
3973    -6211   
7246    1361    
3925    6241    
6211    3973    
-1449   7229    
-7231   -1438   
1438    -7231   
7248    1350    
3992    6199    
7244    -1372   
3916    -6247   
6241    -3925   
7242    1383    
3964    6217    
7250    -1338   
3945    -6229   
6271    -3877   
3935    -6235   
6271    -3877   
3935    -6235   
6229    -3945   
-1416   -7236   
-7238   1405    
1405    7238    
7255    -1316   
3945    -6229   
6229    -3945   
-1427   -7234   
-7255   1316    
-4021   6180    
-7238   -1405   
-3964   -6217   
-7234   1427    
1316    7255    
6229    3945    
3945    6229    
7234    -1427   
-1405   -7238   
-7238   1405    
1316    7255    
6180    4021    
-1483   7222    
-7242   -1383   
-3887   -6265   
-6235   -3935   
-3877   -6271   
-6235   -3935   
-3877   -6271   
-6193   -4002   
1483    -7222   
7225    1472    
-1383   7242    
-6265   3887    
-4002   6193    
-7238   -1405   
-3887   -6265   
-6223   -3954   
7240    -1394   
3877    -6271   
6186    -4011   
-1416   -7236   
-6223   -3954   
1405    -7238   
7257    1305    
4030    6174    
7220    -1494   
-1394   -7240   
-6223   -3954   
1327    -7253   
6223    -3954   
3935    -6235   
7238    1405    
-1394   7240    
-7240   -1394   
1394    -7240   
7240    1394    
-1305   7257    
-6174   4030    
1494    7220    
7222    -1483   
-1394   -7240   
-6223   -3954   
1327    -7253   
6174    -4030   
-1416   -7236   
-6271   -3877   
-3945   -6229   
-6277   -3868   
-3945   -6229   
-6277   -3868   
-4011   -6186   
-7236   1416    
-3877   6271    
-6229   3945    
-3868   6277    
-6229   3945    
-3935   6235    
-7253   -1327   
-3954   -6223   
-6235   -3935   
1438    -7231   
7240    1394    
7242    1383    
3887    6265    
6235    3935    
3945    6229    
7236    -1416   
-1405   -7238   
-7255   1316    
-4021   6180    
-7238   -1405   
-3887   -6265   
-6235   -3935   
-3877   -6271   
-6235   -3935   
-3877   -6271   
-6235   -3935   
-3877   -6271   
-6193   -4002   
1483    -7222   
7225    1472    
-1472   7225    
-7225   -1472   
1383    -7242   
6265    -3887   
3935    -6235   
6229    -3945   
-1416   -7236   
-7238   1405    
1405    7238    
7255    -1316   
3945    -6229   
6271    -3877   
3935    -6235   
6271    -3877   
3935    -6235   
6229    -3945   
-1416   -7236   
-7255   1316    
-3945   6229    
-6229   3945    
1338    7250    
6180    4021    
-1483   7222    
-7225   -1472   
1472    -7225   
7234    1427    
7231    -1438   
-1361   -7246   
-6247   -3916   
-3983   -6205   
-7227   1461    
1449    7229    
7246    -1361   
3983    -6205   
7229    1449    
-1350   7248    
-6199   3992    
1372    7244    
6205    3983    
-1361   7246    
-6199   3992    
1461    7227    
7246    -1361   
3916    -6247   
6205    -3983   
-1461   -7227   
-7229   1449    
1361    7246    
6247    3916    
3983    6205    
7244    -1372   
3916    -6247   
6253    -3906   
3973    -6211   
7246    1361    
3925    6241    
6259    3897    
3983    6205    
7227    -1461   
-1449   -7229   
-7246   1361    
-3983   6205    
-7246   -1361   
-3992   -6199   
-7227   1461    
1449    7229    
7246    -1361   
3916    -6247   
6253    -3906   
3954    -6223   
7240    1394    
7231    -1438   
-1449   -7229   
-7229   1449    
1449    7229    
7229    -1449   
-1361   -7246   
-6247   -3916   
-3983   -6205   
-7244   1372    
-3983   6205    
-7229   -1449   
1427    -7234   
7248    1350    
3992    6199    
7227    -1461   
-1361   -7246   
-6247   -3916   
-3983   -6205   
-7227   1461    
1361    7246    
6247    3916    
3906    6253    
6259    3897    
3906    6253    
6211    3973    
-1361   7246    
-6241   3925    
-3973   6211    
-7229   -1449   
1427    -7234   
7248    1350    
3992    6199    
7244    -1372   
3983    -6205   
7229    1449    
-1350   7248    
-6241   3925    
-3973   6211    
-7229   -1449   
1350    -7248   
6241    -3925   
3973    -6211   
7246    1361    
3925    6241    
6247    3916    
7231    -1438   
-1361   -7246   
-6247   -3916   
-3983   -6205   
-7227   1461    
1361    7246    
6247    3916    
3983    6205    
7227    -1461   
-1361   -7246   
-6205   -3983   
1361    -7246   
6241    -3925   
3897    -6259   
6205    -3983   
-1372   -7244   
-6205   -3983   
1361    -7246   
6199    -3992   
-1461   -7227   
-7246   1361    
-3916   6247    
-6253   3906    
-3897   6259    
-6205   3983    
1461    7227    
7229    -1449   
-1449   -7229   
-7246   1361    
-3983   6205    
-7229   -1449   
1427    -7234   
7234    1427    
-1427   7234    
-7248   -1350   
-3925   -6241   
-6259   -3897   
-3906   -6253   
-6211   -3973   
1449    -7229   
7234    1427    
-1427   7234    
-7234   -1427   
1427    -7234   
7240    1394    
7240    -1394   
3877    -6271   
6229    -3945   
3935    -6235   
7253    1327    
4030    6174    
7220    -1494   
-1394   -7240   
-6271   -3877   
-3945   -6229   
-6235   -3935   
1327    -7253   
6223    -3954   
3935    -6235   
7238    1405    
-1305   7257    
-6223   3954    
-3868   6277    
-6229   3945    
-3935   6235    
-7253   -1327   
-3954   -6223   
-6235   -3935   
1416    -7236   
7240    1394    
-1394   7240    
-7257   -1305   
-3954   -6223   
-6277   -3868   
-4011   -6186   
-7220   1494    
1483    7222    
7240    -1394   
3954    -6223   
7236    1416    
-1305   7257    
-6223   3954    
-3935   6235    
-7253   -1327   
-3954   -6223   
-6235   -3935   
1416    -7236   
7240    1394    
-1305   7257    
-6199   3992    
7240    -1394   
3954    -6223   
7253    1327    
4030    6174    
7220    -1494   
-1483   -7222   
-7222   1483    
1394    7240    
6223    3954    
-1327   7253    
-6174   4030    
1416    7236    
6223    3954    
-1405   7238    
-7257   -1305   
-4030   -6174   
-7220   1494    
1394    7240    
6271    3877    
4011    6186    
7218    -1505   
-1483   -7222   
-7222   1483    
1483    7222    
7240    -1394   
3877    -6271   
6229    -3945   
3935    -6235   
7253    1327    
4030    6174    
7218    -1505   
-1483   -7222   
-7240   1394    
-3954   6223    
-7238   -1405   
1394    -7240   
7257    1305    
3954    6223    
6277    3868    
4011    6186    
7218    -1505   
-1394   -7240   
-6271   -3877   
-3992   -6199   
-7231   1438    
7240    -1394   
3954    -6223   
7238    1405    
-1394   7240    
-7257   -1305   
-4030   -6174   
-7236   1416    
-3954   6223    
-7253   -1327   
-3954   -6223   
-6277   -3868   
-3945   -6229   
-6235   -3935   
1327    -7253   
6174    -4030   
-1416   -7236   
-6271   -3877   
-4011   -6186   
-7236   1416    
-3877   6271    
-6229   3945    
-3935   6235    
-7253   -1327   
-3954   -6223   
-6277   -3868   
-3945   -6229   
-6277   -3868   
-4011   -6186   
-7236   1416    
-3877   6271    
-6186   4011    
1416    7236    
6223    3954    
-1405   7238    
-7240   -1394   
1305    -7257   
6223    -3954   
3868    -6277   
6186    -4011   
-1416   -7236   
-6223   -3954   
1416    -7236   
7240    1394    
-1305   7257    
-6199   3992    
7231    1438    
-1350   7248    
-6241   3925    
-3897   6259    
-6205   3983    
1372    7244    
